
SRC = main.c push.c swap.c find_median.c set_lists.c
SRC_LIBFT = ft_memcpy.c ft_atoi.c 
SRC_PRINTF = str_funcs.c ft_strlen.c printf_funcs.c ft_printf.c

SRC_LIBFT := $(addprefix libft/, $(SRC_LIBFT))
SRC_PRINTF := $(addprefix ft_printf/, $(SRC_PRINTF))

all: a.out

a.out:$(SRC) $(SRC_LIBFT) $(SRC_PRINTF)
	sudo cc $(SRC) $(SRC_LIBFT) $(SRC_PRINTF)
test:a.out
	sudo valgrind --tool=memcheck --leak-check=yes --show-reachable=yes ./a.out  364 83 456 482 410 108 123 298 28 97 429 448 259 35 284 497 3 334 103 122 145 224 459 496 263 61 27 146 335 354 345 247 164 36 125 19 383 84 17 162 476 1 169 116 351 462 87 465 344 453 140 481 211 226 318 195 272 13 304 371 43 269 297 319 52 291 406 202 485 442 70 65 49 339 438 378 117 288 153 432 430 402 138 25 416 489 177 240 417 239 245 203 71 498 449 206 187 113 457 215 474 375 104 386 109 434 57 30 168 221 403 131 233 18 20 214 62 229 460 495 154 170 26 256 312 144 9 118 85 102 152 4 77 246 40 134 292 480 5 182 105 44 447 217 128 350 461 484 316 310 7 59 181 185 342 12 230 390 81 268 373 464 126 237 276 124 96 393 435 428 34 411 194 80 262 204 161 419 362 300 45 302 331 450 355 157 14 324 67 470 424 451 72 471 379 172 380 463 200 323 209 244 227 433 279 444 361 369 66 255 60 413 216 56 320 156 92 282 69 499 110 329 311 251 11 296 86 280 267 79 31 178 407 186 293 136 242 107 265 441 38 387 264 155 147 2 82 53 366 341 253 132 277 437 358 205 190 353 63 398 220 418 88 236 359 232 197 210 94 10 99 176 158 314 289 490 167 238 367 29 415 475 281 493 248 212 98 479 477 260 120 488 189 173 250 223 426 160 306 346 376 273 48 258 76 16 115 352 51 54 400 468 243 150 287 290 21 305 15 309 91 100 191 32 440 257 207 404 175 303 299 143 445 408 199 307 347 483 421 111 372 349 333 467 401 159 252 274 427 101 326 405 321 455 218 494 90 295 129 39 119 283 46 47 469 478 394 370 228 23 454 171 301 151 261 395 208 42 165 332 409 222 141 439 266 374 340 412 396 74 193 254 384 285 37 192 174 235 389 336 397 180 127 452 425 330 112 64 184 137 363 472 491 106 58 196 381 382 338 348 130 241 6 270 294 68 368 148 388 286 275 385 422 492 271 121 317 328 93 278 234 377 8 142 486 423 78 73 487 179 201 315 360 420 356 139 414 41 337 33 322 183 149 55 24 213 219 357 249 75 473 399 308 225 89 458 466 95 325 365 313 392 22 50 391 188 231 431 163 166 436 133 446 114 327 443 343 500 135 198